9 44 0
10 44 0
11 44 0
12 44 0
13 44 0
9 45 0
10 45 0
11 45 0
12 45 0
13 45 0
9 46 1
10 46 0
11 46 0
12 46 0
13 46 0
9 47 1
10 47 0
11 47 0
12 47 0
13 47 0
9 48 1
10 48 1
11 48 0
12 48 0
13 48 0
9 49 1
10 49 1
11 49 0
12 49 0
13 49 0
9 50 1
10 50 1
11 50 1
12 50 0
13 50 0
9 51 1
10 51 1
11 51 1
12 51 0
13 51 0
9 52 1
10 52 1
11 52 1
12 52 1
13 52 0
9 53 1
10 53 1
11 53 1
12 53 1
13 53 0
9 54 1
10 54 1
11 54 1
12 54 1
13 54 1
9 55 1
10 55 1
11 55 1
12 55 1
13 55 1
9 56 1
10 56 1
11 56 1
12 56 1
13 56 1
9 57 1
10 57 1
11 57 1
12 57 1
13 57 1
9 58 2
10 58 1
11 58 1
12 58 1
13 58 1
9 59 2
10 59 1
11 59 1
12 59 1
13 59 1
9 60 2
10 60 1
11 60 1
12 60 1
13 60 1
9 61 2
10 61 1
11 61 1
12 61 1
13 61 1
9 62 2
10 62 2
11 62 1
12 62 1
13 62 1
9 63 2
10 63 2
11 63 1
12 63 1
13 63 1
9 64 2
10 64 2
11 64 1
12 64 1
13 64 1
9 65 2
10 65 2
11 65 1
12 65 1
13 65 1
9 66 2
10 66 2
11 66 2
12 66 1
13 66 1
9 67 2
10 67 2
11 67 2
12 67 1
13 67 1
9 68 2
10 68 2
11 68 2
12 68 1
13 68 1
9 69 2
10 69 2
11 69 2
12 69 1
13 69 1
9 70 2
10 70 2
11 70 2
12 70 2
13 70 1
9 71 2
10 71 2
11 71 2
12 71 2
13 71 1
9 72 2
10 72 2
11 72 2
12 72 2
13 72 1
9 73 2
10 73 2
11 73 2
12 73 2
13 73 1
9 74 2
10 74 2
11 74 2
12 74 2
13 74 2
9 75 2
10 75 2
11 75 2
12 75 2
13 75 2
9 76 2
10 76 2
11 76 2
12 76 2
13 76 2
9 77 2
10 77 2
11 77 2
12 77 2
13 77 2
9 78 2
10 78 2
11 78 2
12 78 2
13 78 2
9 79 2
10 79 2
11 79 2
12 79 2
13 79 2
9 80 2
10 80 2
11 80 2
12 80 2
13 80 2
9 81 2
10 81 2
11 81 2
12 81 2
13 81 2
9 82 2
10 82 2
11 82 2
12 82 2
13 82 2
9 83 2
10 83 2
11 83 2
12 83 2
13 83 2
9 84 3
10 84 2
11 84 2
12 84 2
13 84 2
9 85 3
10 85 2
11 85 2
12 85 2
13 85 2
9 86 3
10 86 2
11 86 2
12 86 2
13 86 2
9 87 3
10 87 2
11 87 2
12 87 2
13 87 2
9 88 3
10 88 2
11 88 2
12 88 2
13 88 2
9 89 3
10 89 2
11 89 2
12 89 2
13 89 2
9 90 3
10 90 2
11 90 2
12 90 2
13 90 2
9 91 3
10 91 2
11 91 2
12 91 2
13 91 2
9 92 3
10 92 2
11 92 2
12 92 2
13 92 2
9 93 3
10 93 2
11 93 2
12 93 2
13 93 2
9 94 3
10 94 3
11 94 2
12 94 2
13 94 2
9 95 3
10 95 3
11 95 2
12 95 2
13 95 2
9 96 3
10 96 3
11 96 2
12 96 2
13 96 2
9 97 3
10 97 3
11 97 2
12 97 2
13 97 2
9 98 3
10 98 3
11 98 2
12 98 2
13 98 2
9 99 3
10 99 3
11 99 2
12 99 2
13 99 2
9 100 3
10 100 3
11 100 2
12 100 2
13 100 2
9 101 3
10 101 3
11 101 2
12 101 2
13 101 2
9 102 3
10 102 3
11 102 2
12 102 2
13 102 2
9 103 3
10 103 3
11 103 2
12 103 2
13 103 2
9 104 3
10 104 3
11 104 3
12 104 1
13 104 1
9 105 3
10 105 3
11 105 3
12 105 1
13 105 1
9 106 3
10 106 3
11 106 3
12 106 1
13 106 1
9 107 3
10 107 3
11 107 3
12 107 1
13 107 1
9 108 3
10 108 3
11 108 3
12 108 2
13 108 1
9 109 3
10 109 3
11 109 3
12 109 2
13 109 1
9 110 3
10 110 3
11 110 3
12 110 2
13 110 1
9 111 3
10 111 3
11 111 3
12 111 2
13 111 1
9 112 3
10 112 3
11 112 3
12 112 2
13 112 2
9 113 3
10 113 3
11 113 3
12 113 2
13 113 2
9 114 3
10 114 3
11 114 3
12 114 2
13 114 2
9 115 3
10 115 3
11 115 3
12 115 2
13 115 2
9 116 3
10 116 3
11 116 3
12 116 2
13 116 2
9 117 3
10 117 3
11 117 3
12 117 2
13 117 2
9 118 3
10 118 3
11 118 3
12 118 2
13 118 2
9 119 3
10 119 3
11 119 3
12 119 2
13 119 2
9 120 3
10 120 3
11 120 3
12 120 2
13 120 2
9 121 3
10 121 3
11 121 3
12 121 2
13 121 2
9 122 2
10 122 3
11 122 3
12 122 3
13 122 2
9 123 2
10 123 3
11 123 3
12 123 3
13 123 2
9 124 2
10 124 3
11 124 3
12 124 3
13 124 2
9 125 2
10 125 3
11 125 3
12 125 3
13 125 2
9 126 2
10 126 3
11 126 3
12 126 3
13 126 2
9 127 2
10 127 3
11 127 3
12 127 3
13 127 2
9 128 2
10 128 3
11 128 3
12 128 3
13 128 2
9 129 2
10 129 3
11 129 3
12 129 3
13 129 2
9 130 2
10 130 3
11 130 3
12 130 3
13 130 2
9 131 2
10 131 3
11 131 3
12 131 3
13 131 2
9 132 2
10 132 2
11 132 3
12 132 3
13 132 3
9 133 2
10 133 2
11 133 3
12 133 3
13 133 3
9 134 2
10 134 2
11 134 3
12 134 3
13 134 3
9 135 2
10 135 2
11 135 3
12 135 3
13 135 3
9 136 2
10 136 2
11 136 3
12 136 3
13 136 3
9 137 2
10 137 2
11 137 3
12 137 3
13 137 3
9 138 2
10 138 2
11 138 3
12 138 3
13 138 3
9 139 2
10 139 2
11 139 3
12 139 3
13 139 3
9 140 2
10 140 2
11 140 3
12 140 3
13 140 3
9 141 2
10 141 2
11 141 3
12 141 3
13 141 3
9 142 3
10 142 2
11 142 2
12 142 3
13 142 3
9 143 3
10 143 2
11 143 2
12 143 3
13 143 3
9 144 3
10 144 2
11 144 2
12 144 3
13 144 3
9 145 3
10 145 2
11 145 2
12 145 3
13 145 3
9 146 3
10 146 2
11 146 2
12 146 3
13 146 3
9 147 3
10 147 2
11 147 2
12 147 3
13 147 3
9 148 3
10 148 2
11 148 2
12 148 3
13 148 3
9 149 3
10 149 2
11 149 2
12 149 3
13 149 3
9 150 3
11 150 2
12 150 3
13 150 3
9 151 3
11 151 2
12 151 3
13 151 3
9 152 3
11 152 2
12 152 3
13 152 3
9 153 3
11 153 2
12 153 3
13 153 3
9 154 3
11 154 2
12 154 3
13 154 3
9 155 3
11 155 2
12 155 3
13 155 3
9 156 3
11 156 2
12 156 3
13 156 3
9 157 3
11 157 2
12 157 3
13 157 3
9 158 3
11 158 2
12 158 3
13 158 3
9 159 3
12 159 2
13 159 3
9 160 3
12 160 2
13 160 3
9 161 3
12 161 2
13 161 3
9 162 3
12 162 2
13 162 3
9 163 3
12 163 2
13 163 3
9 164 3
13 164 2
9 165 3
13 165 2
9 166 3
13 166 2
9 167 3
13 167 2
9 168 3
13 168 2